{
 "cells": [
  {
   "cell_type": "markdown",
   "id": "082cb34a",
   "metadata": {},
   "source": [
    "# Vehicle Routing Problem (VRP)\n",
    "### Computational Intelligence for Optimization Project Notebook\n",
    "Project by **Group 52**:\n",
    "* Arda Kaykusuz | 20230766@novaims.unl.pt\n",
    "* Arif Maharramov | 20230770@novaims.unl.pt\n",
    "* Joana Ferreira | 20230193@novaims.unl.pt\n",
    "* Yasmine Boubezari | 320230775@novaims.unl.pt"
   ]
  },
  {
   "cell_type": "markdown",
   "id": "1896466e-55e2-4e0d-aec8-ad193e7e1a40",
   "metadata": {},
   "source": [
    "# Selection"
   ]
  },
  {
   "cell_type": "code",
   "execution_count": 1,
   "id": "f243a31e-e8a9-4dc8-8518-54252f49b23e",
   "metadata": {},
   "outputs": [],
   "source": [
    "def tournament_selection(population, k=3):\n",
    "    selected = random.sample(population.individuals, k)\n",
    "    return min(selected, key=lambda ind: ind.fitness) if population.optim == \"min\" else max(selected, key=lambda ind: ind.fitness)\n",
    "\n",
    "def roulette_wheel_selection(population):\n",
    "    max_fitness = sum(ind.fitness for ind in population.individuals)\n",
    "    pick = random.uniform(0, max_fitness)\n",
    "    current = 0\n",
    "    for individual in population.individuals:\n",
    "        current += individual.fitness\n",
    "        if current > pick:\n",
    "            return individual\n",
    "\n",
    "def fps_selection(population):\n",
    "    total_fitness = sum(ind.fitness for ind in population.individuals)\n",
    "    probabilities = [ind.fitness / total_fitness for ind in population.individuals]\n",
    "    return population.individuals[np.random.choice(len(population.individuals), p=probabilities)]"
   ]
  },
  {
   "cell_type": "markdown",
   "id": "fe6c88ea-cacd-4ca9-b743-6e6b81b4baed",
   "metadata": {},
   "source": [
    "# Crossover"
   ]
  },
  {
   "cell_type": "code",
   "execution_count": 2,
   "id": "ba3fe1e3-1bdd-464d-948f-17d8bc34d8d6",
   "metadata": {},
   "outputs": [],
   "source": [
    "def group_based_crossover(parent1, parent2):\n",
    "    child1, child2 = [], []\n",
    "    group_size = random.randint(1, len(parent1)//2)\n",
    "    for i in range(0, len(parent1), group_size):\n",
    "        if random.random() > 0.5:\n",
    "            child1.extend(parent1[i:i+group_size])\n",
    "            child2.extend(parent2[i:i+group_size])\n",
    "        else:\n",
    "            child1.extend(parent2[i:i+group_size])\n",
    "            child2.extend(parent1[i:i+group_size])\n",
    "    return child1, child2\n",
    "\n",
    "def eager_breeder_crossover(parent1, parent2):\n",
    "    crossover_point = random.randint(1, len(parent1)-2)\n",
    "    child1 = parent1[:crossover_point] + parent2[crossover_point:]\n",
    "    child2 = parent2[:crossover_point] + parent1[crossover_point:]\n",
    "    return child1, child2\n",
    "\n",
    "def twin_maker_crossover(parent1, parent2):\n",
    "    crossover_point = random.randint(1, len(parent1)-1)\n",
    "    child1 = parent1[:crossover_point] + parent2[crossover_point:]\n",
    "    child2 = parent2[:crossover_point] + parent1[crossover_point:]\n",
    "    return child1, child2\n",
    "\n"
   ]
  },
  {
   "cell_type": "markdown",
   "id": "76ac11ea-558f-429c-8aba-17d1728a4e17",
   "metadata": {},
   "source": [
    "# Mutation"
   ]
  },
  {
   "cell_type": "code",
   "execution_count": 3,
   "id": "b90ae209-3329-40b6-98bf-9d1bf2084778",
   "metadata": {},
   "outputs": [],
   "source": [
    "def swap_mutation(individual):\n",
    "    route = random.choice(individual)\n",
    "    if len(route) > 1:\n",
    "        i, j = random.sample(range(len(route)), 2)\n",
    "        route[i], route[j] = route[j], route[i]\n",
    "    return individual\n",
    "\n",
    "def merge_and_split_mutation(individual):\n",
    "    if len(individual) > 1:\n",
    "        route1, route2 = random.sample(individual, 2)\n",
    "        if len(route1) > 1:\n",
    "            split_point = random.randint(1, len(route1) - 1)\n",
    "            new_route1 = route1[:split_point] + route2\n",
    "            new_route2 = route1[split_point:]\n",
    "            individual.remove(route1)\n",
    "            individual.remove(route2)\n",
    "            individual.append(new_route1)\n",
    "            individual.append(new_route2)\n",
    "    return individual\n",
    "\n",
    "\n",
    "def hop_mutation(individual):\n",
    "    if len(individual) > 1:\n",
    "        route1, route2 = random.sample(individual, 2)\n",
    "        if route1 and route2:\n",
    "            customer = route1.pop(random.randrange(len(route1)))\n",
    "            route2.insert(random.randrange(len(route2)), customer)\n",
    "    return individual\n",
    "\n",
    "def dream_team_mutation(individual):\n",
    "    flattened = [customer for route in individual for customer in route]\n",
    "    random.shuffle(flattened)\n",
    "    new_individual = [flattened[i::len(individual)] for i in range(len(individual))]\n",
    "    return new_individual\n"
   ]
  },
  {
   "cell_type": "markdown",
   "id": "a6cc3caa-4a7a-4fee-b327-950d78f2f656",
   "metadata": {},
   "source": [
    "# Fitness function and evolution"
   ]
  },
  {
   "cell_type": "code",
   "execution_count": 4,
   "id": "7fd16a5b-f106-4627-8126-b1a1bc3526f4",
   "metadata": {},
   "outputs": [
    {
     "name": "stdout",
     "output_type": "stream",
     "text": [
      "Processing augerat\\A-n32-k05.xml\n",
      "Distance Matrix: [[  0.          34.92849839  77.87810989 ...  62.28964601  16.2788206\n",
      "   72.78049189]\n",
      " [ 34.92849839   0.          60.30754513 ...  80.32434251  19.41648784\n",
      "   39.05124838]\n",
      " [ 77.87810989  60.30754513   0.         ...  71.58910532  65.19202405\n",
      "   48.        ]\n",
      " ...\n",
      " [ 62.28964601  80.32434251  71.58910532 ...   0.          65.76473219\n",
      "  101.53324579]\n",
      " [ 16.2788206   19.41648784  65.19202405 ...  65.76473219   0.\n",
      "   56.5154846 ]\n",
      " [ 72.78049189  39.05124838  48.         ... 101.53324579  56.5154846\n",
      "    0.        ]]\n",
      "Demands: [19.0, 21.0, 6.0, 19.0, 7.0, 12.0, 16.0, 6.0, 16.0, 8.0, 14.0, 21.0, 16.0, 3.0, 22.0, 18.0, 19.0, 1.0, 24.0, 8.0, 12.0, 4.0, 8.0, 24.0, 24.0, 2.0, 20.0, 15.0, 2.0, 14.0, 9.0]\n",
      "Vehicle Capacity: 100.0\n",
      "Best individual: [[18, 18], [24], [19], [25], [7]]\n",
      "Fitness of best individual: 0.0\n",
      "Processing augerat\\A-n33-k05.xml\n",
      "Distance Matrix: [[ 0.         45.45327271 14.56021978 ... 61.         29.52964612\n",
      "  40.31128874]\n",
      " [45.45327271  0.         59.07622195 ... 96.56603958 17.49285568\n",
      "  85.44588931]\n",
      " [14.56021978 59.07622195  0.         ... 58.69412236 43.8634244\n",
      "  26.40075756]\n",
      " ...\n",
      " [61.         96.56603958 58.69412236 ...  0.         79.37883849\n",
      "  53.90732789]\n",
      " [29.52964612 17.49285568 43.8634244  ... 79.37883849  0.\n",
      "  69.83552105]\n",
      " [40.31128874 85.44588931 26.40075756 ... 53.90732789 69.83552105\n",
      "   0.        ]]\n",
      "Demands: [5.0, 23.0, 14.0, 13.0, 8.0, 18.0, 19.0, 10.0, 18.0, 20.0, 5.0, 9.0, 23.0, 9.0, 18.0, 10.0, 24.0, 13.0, 14.0, 8.0, 10.0, 19.0, 14.0, 13.0, 14.0, 2.0, 23.0, 15.0, 8.0, 20.0, 24.0, 3.0]\n",
      "Vehicle Capacity: 100.0\n",
      "Best individual: [[29, 29], [32, 24], [29, 29], [32, 32], [24]]\n",
      "Fitness of best individual: 37.73592452822641\n",
      "Processing augerat\\A-n33-k06.xml\n",
      "Distance Matrix: [[ 0.         26.40075756 60.80296045 ... 37.53664876 31.06444913\n",
      "   9.43398113]\n",
      " [26.40075756  0.         35.35533906 ... 62.62587325 50.35871325\n",
      "  26.87005769]\n",
      " [60.80296045 35.35533906  0.         ... 97.83659847 77.36924454\n",
      "  62.22539674]\n",
      " ...\n",
      " [37.53664876 62.62587325 97.83659847 ...  0.         45.01110974\n",
      "  36.05551275]\n",
      " [31.06444913 50.35871325 77.36924454 ... 45.01110974  0.\n",
      "  39.8246155 ]\n",
      " [ 9.43398113 26.87005769 62.22539674 ... 36.05551275 39.8246155\n",
      "   0.        ]]\n",
      "Demands: [26.0, 17.0, 6.0, 15.0, 7.0, 5.0, 15.0, 16.0, 17.0, 1.0, 21.0, 66.0, 25.0, 16.0, 11.0, 7.0, 17.0, 17.0, 22.0, 10.0, 25.0, 16.0, 7.0, 21.0, 11.0, 21.0, 11.0, 21.0, 22.0, 25.0, 2.0, 22.0]\n",
      "Vehicle Capacity: 100.0\n",
      "Best individual: [[15, 13, 22, 2], [6, 6, 6], [25, 4, 4], [5, 6, 5], [25]]\n",
      "Fitness of best individual: 255.14071097344532\n",
      "Processing augerat\\A-n34-k05.xml\n",
      "Distance Matrix: [[ 0.         52.34500931 38.47076812 ... 69.65629907 74.72616677\n",
      "  36.7151195 ]\n",
      " [52.34500931  0.         75.3923073  ... 48.66210024 73.34848328\n",
      "  84.85281374]\n",
      " [38.47076812 75.3923073   0.         ... 65.1459899  53.74011537\n",
      "  21.26029163]\n",
      " ...\n",
      " [69.65629907 48.66210024 65.1459899  ...  0.         30.\n",
      "  84.09518417]\n",
      " [74.72616677 73.34848328 53.74011537 ... 30.          0.\n",
      "  74.96665926]\n",
      " [36.7151195  84.85281374 21.26029163 ... 84.09518417 74.96665926\n",
      "   0.        ]]\n",
      "Demands: [23.0, 3.0, 24.0, 15.0, 15.0, 24.0, 7.0, 25.0, 13.0, 5.0, 7.0, 5.0, 14.0, 13.0, 5.0, 24.0, 15.0, 9.0, 16.0, 13.0, 16.0, 13.0, 24.0, 20.0, 23.0, 20.0, 3.0, 15.0, 12.0, 19.0, 4.0, 15.0, 1.0]\n",
      "Vehicle Capacity: 100.0\n",
      "Best individual: [[23, 23], [3, 3], [1, 15], [5, 5], [9]]\n",
      "Fitness of best individual: 63.245553203367585\n",
      "Processing augerat\\A-n36-k05.xml\n",
      "Distance Matrix: [[ 0.         33.10589071 72.24956747 ... 69.85699679 60.16643583\n",
      "  76.02631123]\n",
      " [33.10589071  0.         89.28605714 ... 48.41487375 70.45565982\n",
      "  94.25497334]\n",
      " [72.24956747 89.28605714  0.         ... 83.5463943  22.627417\n",
      "   5.65685425]\n",
      " ...\n",
      " [69.85699679 48.41487375 83.5463943  ...  0.         60.95900262\n",
      "  89.19641248]\n",
      " [60.16643583 70.45565982 22.627417   ... 60.95900262  0.\n",
      "  28.28427125]\n",
      " [76.02631123 94.25497334  5.65685425 ... 89.19641248 28.28427125\n",
      "   0.        ]]\n",
      "Demands: [1.0, 14.0, 15.0, 11.0, 18.0, 2.0, 22.0, 7.0, 18.0, 23.0, 12.0, 21.0, 2.0, 14.0, 9.0, 10.0, 4.0, 19.0, 2.0, 20.0, 15.0, 11.0, 6.0, 13.0, 19.0, 13.0, 8.0, 15.0, 18.0, 11.0, 21.0, 12.0, 2.0, 23.0, 11.0]\n",
      "Vehicle Capacity: 100.0\n",
      "Best individual: [[23, 23, 23], [19, 23], [19, 19], [3], [19, 30]]\n",
      "Fitness of best individual: 43.112203064129154\n",
      "Processing augerat\\A-n37-k05.xml\n",
      "Distance Matrix: [[ 0.         21.         58.13776741 ... 14.4222051  47.42362281\n",
      "  17.4642492 ]\n",
      " [21.          0.         37.21558813 ... 33.95585369 59.41380311\n",
      "  37.65634077]\n",
      " [58.13776741 37.21558813  0.         ... 71.02112362 91.0659102\n",
      "  74.81310046]\n",
      " ...\n",
      " [14.4222051  33.95585369 71.02112362 ...  0.         35.90264614\n",
      "   4.12310563]\n",
      " [47.42362281 59.41380311 91.0659102  ... 35.90264614  0.\n",
      "  36.22154055]\n",
      " [17.4642492  37.65634077 74.81310046 ...  4.12310563 36.22154055\n",
      "   0.        ]]\n",
      "Demands: [16.0, 18.0, 1.0, 13.0, 8.0, 23.0, 7.0, 27.0, 1.0, 3.0, 6.0, 24.0, 19.0, 2.0, 5.0, 16.0, 7.0, 4.0, 22.0, 7.0, 23.0, 16.0, 2.0, 2.0, 9.0, 2.0, 12.0, 1.0, 9.0, 23.0, 6.0, 19.0, 7.0, 7.0, 20.0, 20.0]\n",
      "Vehicle Capacity: 100.0\n",
      "Best individual: [[13, 13], [17, 17], [23], [23, 23], [13]]\n",
      "Fitness of best individual: 0.0\n",
      "Processing augerat\\A-n37-k06.xml\n",
      "Distance Matrix: [[ 0.         57.218878   86.64871609 ... 38.48376281 52.08646657\n",
      "  20.09975124]\n",
      " [57.218878    0.         41.40048309 ... 30.41381265 78.51751397\n",
      "  57.00877125]\n",
      " [86.64871609 41.40048309  0.         ... 48.50773134 82.56512581\n",
      "  93.29523032]\n",
      " ...\n",
      " [38.48376281 30.41381265 48.50773134 ...  0.         48.16637832\n",
      "  48.83646179]\n",
      " [52.08646657 78.51751397 82.56512581 ... 48.16637832  0.\n",
      "  72.00694411]\n",
      " [20.09975124 57.00877125 93.29523032 ... 48.83646179 72.00694411\n",
      "   0.        ]]\n",
      "Demands: [1.0, 23.0, 23.0, 5.0, 7.0, 18.0, 12.0, 20.0, 19.0, 19.0, 16.0, 2.0, 26.0, 13.0, 19.0, 17.0, 14.0, 8.0, 10.0, 5.0, 19.0, 12.0, 9.0, 18.0, 4.0, 20.0, 8.0, 3.0, 18.0, 26.0, 21.0, 21.0, 8.0, 19.0, 66.0, 21.0]\n",
      "Vehicle Capacity: 100.0\n",
      "Best individual: [[18, 18], [18, 18], [18], [32], [35]]\n",
      "Fitness of best individual: 0.0\n",
      "Processing augerat\\A-n38-k05.xml\n",
      "Distance Matrix: [[ 0.         71.69379332 16.1245155  ... 55.56977596 32.06243908\n",
      "  48.66210024]\n",
      " [71.69379332  0.         80.99382693 ... 58.82176468 87.7268488\n",
      "  61.3514466 ]\n",
      " [16.1245155  80.99382693  0.         ... 51.41984053 16.4924225\n",
      "  64.77653896]\n",
      " ...\n",
      " [55.56977596 58.82176468 51.41984053 ...  0.         46.17358552\n",
      "  85.88364221]\n",
      " [32.06243908 87.7268488  16.4924225  ... 46.17358552  0.\n",
      "  80.22468448]\n",
      " [48.66210024 61.3514466  64.77653896 ... 85.88364221 80.22468448\n",
      "   0.        ]]\n",
      "Demands: [12.0, 5.0, 8.0, 12.0, 18.0, 12.0, 11.0, 19.0, 23.0, 8.0, 25.0, 1.0, 5.0, 17.0, 13.0, 9.0, 13.0, 19.0, 5.0, 26.0, 9.0, 20.0, 21.0, 8.0, 12.0, 13.0, 12.0, 4.0, 19.0, 25.0, 7.0, 3.0, 2.0, 24.0, 13.0, 14.0, 14.0]\n",
      "Vehicle Capacity: 100.0\n",
      "Best individual: [[28], [12], [20], [20], [32]]\n",
      "Fitness of best individual: 0\n",
      "Processing augerat\\A-n39-k05.xml\n",
      "Distance Matrix: [[ 0.         37.57658846 70.         ... 61.05735009 95.85405573\n",
      "  36.49657518]\n",
      " [37.57658846  0.         39.39543121 ... 68.02940541 76.36753237\n",
      "  10.19803903]\n",
      " [70.         39.39543121  0.         ... 64.40496875 42.04759208\n",
      "  34.525353  ]\n",
      " ...\n",
      " [61.05735009 68.02940541 64.40496875 ...  0.         57.72347876\n",
      "  58.13776741]\n",
      " [95.85405573 76.36753237 42.04759208 ... 57.72347876  0.\n",
      "  68.11754546]\n",
      " [36.49657518 10.19803903 34.525353   ... 58.13776741 68.11754546\n",
      "   0.        ]]\n",
      "Demands: [5.0, 24.0, 3.0, 20.0, 26.0, 23.0, 15.0, 3.0, 20.0, 16.0, 9.0, 21.0, 3.0, 24.0, 14.0, 6.0, 6.0, 13.0, 5.0, 3.0, 3.0, 20.0, 16.0, 22.0, 10.0, 12.0, 20.0, 24.0, 6.0, 1.0, 2.0, 13.0, 7.0, 6.0, 24.0, 19.0, 4.0, 7.0]\n",
      "Vehicle Capacity: 100.0\n",
      "Best individual: [[8], [1], [1], [12], [32]]\n",
      "Fitness of best individual: 0\n",
      "Processing augerat\\A-n39-k06.xml\n",
      "Distance Matrix: [[ 0.         40.         60.03332408 ... 42.75511665 46.69047012\n",
      "  38.83297568]\n",
      " [40.          0.         71.02112362 ...  8.24621125 79.62411695\n",
      "  75.2861209 ]\n",
      " [60.03332408 71.02112362  0.         ... 78.89233169 42.80186912\n",
      "  50.99019514]\n",
      " ...\n",
      " [42.75511665  8.24621125 78.89233169 ...  0.         85.08818954\n",
      "  79.84985911]\n",
      " [46.69047012 79.62411695 42.80186912 ... 85.08818954  0.\n",
      "  12.        ]\n",
      " [38.83297568 75.2861209  50.99019514 ... 79.84985911 12.\n",
      "   0.        ]]\n",
      "Demands: [18.0, 16.0, 22.0, 24.0, 3.0, 19.0, 6.0, 6.0, 6.0, 12.0, 18.0, 16.0, 72.0, 7.0, 16.0, 23.0, 4.0, 22.0, 23.0, 7.0, 11.0, 11.0, 1.0, 22.0, 16.0, 15.0, 7.0, 5.0, 22.0, 9.0, 10.0, 11.0, 9.0, 3.0, 7.0, 15.0, 10.0, 2.0]\n",
      "Vehicle Capacity: 100.0\n",
      "Best individual: [[27, 27], [34], [4, 4], [27], [34]]\n",
      "Fitness of best individual: 0.0\n",
      "Processing augerat\\A-n44-k06.xml\n",
      "Distance Matrix: [[ 0.         88.52683209 21.02379604 ... 31.78049716 84.48076704\n",
      "  59.46427499]\n",
      " [88.52683209  0.         75.         ... 74.70609078 79.0569415\n",
      "  40.26164428]\n",
      " [21.02379604 75.          0.         ... 11.66190379 90.13878189\n",
      "  40.81666326]\n",
      " ...\n",
      " [31.78049716 74.70609078 11.66190379 ...  0.         99.40321926\n",
      "  36.79673899]\n",
      " [84.48076704 79.0569415  90.13878189 ... 99.40321926  0.\n",
      "  91.21951546]\n",
      " [59.46427499 40.26164428 40.81666326 ... 36.79673899 91.21951546\n",
      "   0.        ]]\n",
      "Demands: [8.0, 24.0, 9.0, 19.0, 9.0, 18.0, 9.0, 14.0, 3.0, 14.0, 8.0, 8.0, 13.0, 18.0, 4.0, 24.0, 14.0, 8.0, 18.0, 13.0, 2.0, 9.0, 18.0, 3.0, 24.0, 8.0, 24.0, 14.0, 13.0, 24.0, 23.0, 9.0, 13.0, 14.0, 14.0, 18.0, 24.0, 4.0, 8.0, 13.0, 4.0, 14.0, 18.0]\n",
      "Vehicle Capacity: 100.0\n",
      "Best individual: [[13, 13], [13, 13], [18, 18], [13, 13], [18]]\n",
      "Fitness of best individual: 0.0\n",
      "Processing augerat\\A-n45-k06.xml\n",
      "Distance Matrix: [[ 0.         20.88061302 31.144823   ... 59.21148537 42.04759208\n",
      "  28.65309756]\n",
      " [20.88061302  0.         50.21951812 ... 79.00632886 42.19004622\n",
      "   9.43398113]\n",
      " [31.144823   50.21951812  0.         ... 47.20169488 67.72001181\n",
      "  59.03388857]\n",
      " ...\n",
      " [59.21148537 79.00632886 47.20169488 ...  0.         67.95586803\n",
      "  84.48076704]\n",
      " [42.04759208 42.19004622 67.72001181 ... 67.95586803  0.\n",
      "  38.89730068]\n",
      " [28.65309756  9.43398113 59.03388857 ... 84.48076704 38.89730068\n",
      "   0.        ]]\n",
      "Demands: [19.0, 2.0, 12.0, 20.0, 6.0, 17.0, 8.0, 14.0, 2.0, 8.0, 5.0, 7.0, 22.0, 14.0, 17.0, 23.0, 15.0, 21.0, 2.0, 24.0, 10.0, 20.0, 6.0, 21.0, 10.0, 6.0, 13.0, 21.0, 24.0, 11.0, 16.0, 8.0, 11.0, 11.0, 22.0, 17.0, 22.0, 17.0, 8.0, 23.0, 5.0, 3.0, 18.0, 12.0]\n",
      "Vehicle Capacity: 100.0\n",
      "Best individual: [[5], [5, 27, 6, 8], [13, 16, 23, 40], [23, 1, 16, 23], [27, 30, 7]]\n",
      "Fitness of best individual: 491.19056809160134\n",
      "Processing augerat\\A-n45-k07.xml\n",
      "Distance Matrix: [[ 0.         98.08159868 20.         ... 77.25283166 91.60785992\n",
      "  69.07966416]\n",
      " [98.08159868  0.         94.33981132 ... 20.88061302 89.82204629\n",
      "  66.21178143]\n",
      " [20.         94.33981132  0.         ... 74.40430095 72.71863585\n",
      "  52.95280918]\n",
      " ...\n",
      " [77.25283166 20.88061302 74.40430095 ...  0.         82.02438662\n",
      "  54.58937626]\n",
      " [91.60785992 89.82204629 72.71863585 ... 82.02438662  0.\n",
      "  29.73213749]\n",
      " [69.07966416 66.21178143 52.95280918 ... 54.58937626 29.73213749\n",
      "   0.        ]]\n",
      "Demands: [14.0, 1.0, 16.0, 23.0, 12.0, 6.0, 5.0, 1.0, 13.0, 20.0, 14.0, 18.0, 7.0, 8.0, 21.0, 8.0, 24.0, 20.0, 19.0, 13.0, 3.0, 26.0, 17.0, 22.0, 8.0, 16.0, 20.0, 12.0, 22.0, 20.0, 12.0, 14.0, 25.0, 17.0, 19.0, 20.0, 15.0, 2.0, 9.0, 10.0, 6.0, 11.0, 21.0, 24.0]\n",
      "Vehicle Capacity: 100.0\n",
      "Best individual: [[20, 20, 20], [20, 20, 20], [20, 20, 20], [20, 37, 20], [37, 20, 20]]\n",
      "Fitness of best individual: 0.0\n",
      "Processing augerat\\A-n46-k07.xml\n",
      "Distance Matrix: [[  0.          70.88018059  54.03702434 ...  21.26029163  73.53910524\n",
      "   22.8035085 ]\n",
      " [ 70.88018059   0.         101.86265263 ...  90.62008607  73.75635566\n",
      "   91.08238029]\n",
      " [ 54.03702434 101.86265263   0.         ...  42.3792402   54.03702434\n",
      "   63.2455532 ]\n",
      " ...\n",
      " [ 21.26029163  90.62008607  42.3792402  ...   0.          77.89736838\n",
      "   20.88061302]\n",
      " [ 73.53910524  73.75635566  54.03702434 ...  77.89736838   0.\n",
      "   94.02127419]\n",
      " [ 22.8035085   91.08238029  63.2455532  ...  20.88061302  94.02127419\n",
      "    0.        ]]\n",
      "Demands: [12.0, 26.0, 1.0, 20.0, 2.0, 13.0, 20.0, 7.0, 10.0, 15.0, 7.0, 24.0, 10.0, 12.0, 23.0, 13.0, 19.0, 9.0, 12.0, 6.0, 9.0, 22.0, 18.0, 19.0, 20.0, 24.0, 10.0, 4.0, 20.0, 15.0, 13.0, 12.0, 3.0, 7.0, 18.0, 3.0, 23.0, 1.0, 17.0, 13.0, 6.0, 22.0, 20.0, 21.0, 2.0]\n",
      "Vehicle Capacity: 100.0\n",
      "Best individual: [[42, 42], [30, 30], [3, 3], [5, 22], [3, 3]]\n",
      "Fitness of best individual: 152.31546211727817\n",
      "Processing augerat\\A-n48-k07.xml\n",
      "Distance Matrix: [[  0.          48.08326112  58.30951895 ...  54.33231083  92.64987858\n",
      "   38.20994635]\n",
      " [ 48.08326112   0.          97.32420048 ...  65.60487787 115.37764081\n",
      "   74.96665926]\n",
      " [ 58.30951895  97.32420048   0.         ...  50.11985634  48.\n",
      "   22.36067977]\n",
      " ...\n",
      " [ 54.33231083  65.60487787  50.11985634 ...   0.          50.11985634\n",
      "   35.60898763]\n",
      " [ 92.64987858 115.37764081  48.         ...  50.11985634   0.\n",
      "   56.46237685]\n",
      " [ 38.20994635  74.96665926  22.36067977 ...  35.60898763  56.46237685\n",
      "    0.        ]]\n",
      "Demands: [20.0, 14.0, 5.0, 11.0, 22.0, 25.0, 2.0, 18.0, 10.0, 26.0, 14.0, 22.0, 9.0, 11.0, 18.0, 24.0, 15.0, 23.0, 16.0, 14.0, 8.0, 5.0, 12.0, 8.0, 16.0, 12.0, 15.0, 9.0, 2.0, 10.0, 2.0, 3.0, 20.0, 3.0, 13.0, 25.0, 23.0, 8.0, 16.0, 9.0, 14.0, 4.0, 13.0, 7.0, 16.0, 18.0, 16.0]\n",
      "Vehicle Capacity: 100.0\n",
      "Best individual: [[29, 29, 33], [2, 6, 23], [1, 1, 1], [2, 23, 7], [33, 2, 7]]\n",
      "Fitness of best individual: 264.6330275886453\n",
      "Processing augerat\\A-n53-k07.xml\n",
      "Distance Matrix: [[ 0.         11.40175425 57.56735186 ... 74.04052944 21.54065923\n",
      "  62.28964601]\n",
      " [11.40175425  0.         46.17358552 ... 62.64183905 14.2126704\n",
      "  61.40032573]\n",
      " [57.56735186 46.17358552  0.         ... 16.4924225  43.01162634\n",
      "  75.80237463]\n",
      " ...\n",
      " [74.04052944 62.64183905 16.4924225  ...  0.         58.66856058\n",
      "  87.23531395]\n",
      " [21.54065923 14.2126704  43.01162634 ... 58.66856058  0.\n",
      "  74.67261881]\n",
      " [62.28964601 61.40032573 75.80237463 ... 87.23531395 74.67261881\n",
      "   0.        ]]\n",
      "Demands: [2.0, 12.0, 14.0, 2.0, 17.0, 20.0, 2.0, 26.0, 7.0, 24.0, 23.0, 13.0, 25.0, 20.0, 3.0, 18.0, 23.0, 6.0, 2.0, 13.0, 22.0, 3.0, 6.0, 7.0, 1.0, 18.0, 18.0, 10.0, 2.0, 9.0, 10.0, 8.0, 30.0, 16.0, 23.0, 2.0, 18.0, 22.0, 1.0, 8.0, 4.0, 26.0, 21.0, 2.0, 15.0, 25.0, 22.0, 19.0, 3.0, 3.0, 5.0, 13.0]\n",
      "Vehicle Capacity: 100.0\n",
      "Best individual: [[22, 22, 22], [22, 22, 22], [22, 22, 22], [22, 22, 22], [22, 22, 22]]\n",
      "Fitness of best individual: 0.0\n",
      "Processing augerat\\A-n54-k07.xml\n",
      "Distance Matrix: [[ 0.         53.66563146 68.11754546 ... 62.60990337 11.66190379\n",
      "  80.62257748]\n",
      " [53.66563146  0.         68.11754546 ... 82.46211251 54.03702434\n",
      "  46.69047012]\n",
      " [68.11754546 68.11754546  0.         ... 26.83281573 57.20139858\n",
      "  44.04543109]\n",
      " ...\n",
      " [62.60990337 82.46211251 26.83281573 ...  0.         50.99019514\n",
      "  69.42621983]\n",
      " [11.66190379 54.03702434 57.20139858 ... 50.99019514  0.\n",
      "  74.        ]\n",
      " [80.62257748 46.69047012 44.04543109 ... 69.42621983 74.\n",
      "   0.        ]]\n",
      "Demands: [24.0, 9.0, 15.0, 17.0, 2.0, 19.0, 10.0, 17.0, 20.0, 16.0, 8.0, 12.0, 3.0, 23.0, 4.0, 23.0, 20.0, 2.0, 19.0, 2.0, 23.0, 23.0, 5.0, 12.0, 15.0, 9.0, 13.0, 18.0, 16.0, 7.0, 6.0, 2.0, 8.0, 2.0, 2.0, 4.0, 13.0, 18.0, 9.0, 19.0, 3.0, 14.0, 19.0, 21.0, 4.0, 6.0, 22.0, 13.0, 10.0, 18.0, 5.0, 9.0, 36.0]\n",
      "Vehicle Capacity: 100.0\n",
      "Best individual: [[2], [8], [29], [39], [25]]\n",
      "Fitness of best individual: 0\n",
      "Processing augerat\\A-n55-k09.xml\n",
      "Distance Matrix: [[  0.          60.44005295  48.54894438 ...  65.7951366   43.17406629\n",
      "   47.20169488]\n",
      " [ 60.44005295   0.          87.36131867 ...  44.04543109  54.12023651\n",
      "   49.24428901]\n",
      " [ 48.54894438  87.36131867   0.         ... 109.63576059  36.01388621\n",
      "   94.11163584]\n",
      " ...\n",
      " [ 65.7951366   44.04543109 109.63576059 ...   0.          85.21150157\n",
      "   22.02271555]\n",
      " [ 43.17406629  54.12023651  36.01388621 ...  85.21150157   0.\n",
      "   75.3923073 ]\n",
      " [ 47.20169488  49.24428901  94.11163584 ...  22.02271555  75.3923073\n",
      "    0.        ]]\n",
      "Demands: [3.0, 12.0, 25.0, 4.0, 11.0, 20.0, 21.0, 10.0, 20.0, 13.0, 14.0, 16.0, 17.0, 11.0, 36.0, 6.0, 7.0, 21.0, 11.0, 17.0, 22.0, 10.0, 19.0, 21.0, 23.0, 19.0, 15.0, 22.0, 7.0, 11.0, 15.0, 22.0, 12.0, 24.0, 25.0, 2.0, 15.0, 18.0, 13.0, 3.0, 20.0, 14.0, 10.0, 10.0, 66.0, 10.0, 7.0, 12.0, 24.0, 5.0, 18.0, 7.0, 11.0, 12.0]\n",
      "Vehicle Capacity: 100.0\n",
      "Best individual: [[20, 20, 20], [20, 20, 20], [20, 20], [20, 20], [20, 20]]\n",
      "Fitness of best individual: 0.0\n",
      "Processing augerat\\A-n60-k09.xml\n",
      "Distance Matrix: [[ 0.         66.2721661  54.03702434 ... 63.15061362 49.39635614\n",
      "  38.        ]\n",
      " [66.2721661   0.         12.64911064 ... 77.79460136 23.32380758\n",
      "  73.34848328]\n",
      " [54.03702434 12.64911064  0.         ... 73.23933369 17.88854382\n",
      "  64.89992296]\n",
      " ...\n",
      " [63.15061362 77.79460136 73.23933369 ...  0.         55.6057551\n",
      "  26.83281573]\n",
      " [49.39635614 23.32380758 17.88854382 ... 55.6057551   0.\n",
      "  50.15974482]\n",
      " [38.         73.34848328 64.89992296 ... 26.83281573 50.15974482\n",
      "   0.        ]]\n",
      "Demands: [16.0, 2.0, 7.0, 11.0, 9.0, 17.0, 21.0, 23.0, 10.0, 6.0, 19.0, 18.0, 20.0, 13.0, 5.0, 11.0, 24.0, 2.0, 3.0, 1.0, 5.0, 20.0, 23.0, 24.0, 18.0, 19.0, 2.0, 17.0, 17.0, 9.0, 11.0, 2.0, 6.0, 9.0, 5.0, 9.0, 2.0, 14.0, 19.0, 11.0, 21.0, 20.0, 21.0, 18.0, 48.0, 1.0, 17.0, 42.0, 2.0, 4.0, 24.0, 18.0, 21.0, 11.0, 9.0, 18.0, 22.0, 9.0, 23.0]\n",
      "Vehicle Capacity: 100.0\n",
      "Best individual: [[18, 38, 38, 56, 56, 56], [56, 56, 56, 10, 40, 56], [58, 56, 56, 40, 56, 56], [56, 56, 18, 38, 14], [56, 40, 56, 56, 56]]\n",
      "Fitness of best individual: 384.967250648695\n",
      "Processing augerat\\A-n61-k09.xml\n",
      "Distance Matrix: [[ 0.         37.73592453 54.91812087 ... 29.73213749 49.47726751\n",
      "  30.2654919 ]\n",
      " [37.73592453  0.         78.63841301 ... 42.75511665 80.39900497\n",
      "  16.1245155 ]\n",
      " [54.91812087 78.63841301  0.         ... 36.05551275 18.11077028\n",
      "  80.32434251]\n",
      " ...\n",
      " [29.73213749 42.75511665 36.05551275 ...  0.         41.23105626\n",
      "  46.64761516]\n",
      " [49.47726751 80.39900497 18.11077028 ... 41.23105626  0.\n",
      "  78.40918314]\n",
      " [30.2654919  16.1245155  80.32434251 ... 46.64761516 78.40918314\n",
      "   0.        ]]\n",
      "Demands: [23.0, 17.0, 12.0, 6.0, 22.0, 3.0, 24.0, 24.0, 11.0, 7.0, 12.0, 8.0, 14.0, 20.0, 16.0, 16.0, 4.0, 9.0, 18.0, 14.0, 10.0, 19.0, 22.0, 19.0, 9.0, 18.0, 2.0, 18.0, 11.0, 19.0, 18.0, 15.0, 4.0, 12.0, 8.0, 18.0, 12.0, 72.0, 2.0, 5.0, 14.0, 11.0, 19.0, 16.0, 19.0, 3.0, 12.0, 10.0, 20.0, 7.0, 13.0, 16.0, 23.0, 22.0, 18.0, 6.0, 12.0, 27.0, 9.0, 15.0]\n",
      "Vehicle Capacity: 100.0\n",
      "Best individual: [[37, 28, 19, 54, 37], [28, 37, 37, 60, 59], [28, 18, 12, 43, 24], [52, 44, 33, 43], [58, 1, 8, 25]]\n",
      "Fitness of best individual: 724.3362445567552\n",
      "Processing augerat\\A-n62-k08.xml\n",
      "Distance Matrix: [[ 0.         66.12866247 46.75467891 ... 72.80109889 52.23983155\n",
      "  39.20459157]\n",
      " [66.12866247  0.         33.24154028 ... 49.36598019 20.59126028\n",
      "  66.03029608]\n",
      " [46.75467891 33.24154028  0.         ... 71.34423593 36.61966685\n",
      "  66.37017402]\n",
      " ...\n",
      " [72.80109889 49.36598019 71.34423593 ...  0.         34.88552709\n",
      "  44.28317965]\n",
      " [52.23983155 20.59126028 36.61966685 ... 34.88552709  0.\n",
      "  45.607017  ]\n",
      " [39.20459157 66.03029608 66.37017402 ... 44.28317965 45.607017\n",
      "   0.        ]]\n",
      "Demands: [26.0, 18.0, 16.0, 8.0, 7.0, 11.0, 4.0, 9.0, 9.0, 16.0, 7.0, 6.0, 1.0, 2.0, 22.0, 23.0, 4.0, 3.0, 20.0, 7.0, 1.0, 2.0, 12.0, 22.0, 6.0, 11.0, 12.0, 2.0, 14.0, 14.0, 2.0, 9.0, 20.0, 2.0, 18.0, 19.0, 18.0, 4.0, 16.0, 26.0, 3.0, 23.0, 16.0, 10.0, 9.0, 21.0, 24.0, 24.0, 19.0, 12.0, 16.0, 6.0, 2.0, 2.0, 2.0, 23.0, 16.0, 26.0, 21.0, 2.0, 7.0]\n",
      "Vehicle Capacity: 100.0\n",
      "Best individual: [[2, 60, 2], [27, 27], [27, 27], [2, 2], [59, 59]]\n",
      "Fitness of best individual: 98.73196037757987\n",
      "Processing augerat\\A-n63-k09.xml\n",
      "Distance Matrix: [[  0.         121.65525061  64.03124237 ...  50.99019514  62.80127387\n",
      "   92.28217596]\n",
      " [121.65525061   0.          88.29496022 ...  76.15773106  60.46486583\n",
      "   38.83297568]\n",
      " [ 64.03124237  88.29496022   0.         ...  26.90724809  38.62641583\n",
      "   80.04998438]\n",
      " ...\n",
      " [ 50.99019514  76.15773106  26.90724809 ...   0.          16.4924225\n",
      "   58.        ]\n",
      " [ 62.80127387  60.46486583  38.62641583 ...  16.4924225    0.\n",
      "   42.19004622]\n",
      " [ 92.28217596  38.83297568  80.04998438 ...  58.          42.19004622\n",
      "    0.        ]]\n",
      "Demands: [4.0, 18.0, 22.0, 14.0, 5.0, 9.0, 7.0, 20.0, 19.0, 7.0, 18.0, 20.0, 2.0, 11.0, 10.0, 5.0, 21.0, 20.0, 1.0, 15.0, 15.0, 14.0, 19.0, 22.0, 21.0, 22.0, 6.0, 24.0, 14.0, 14.0, 2.0, 15.0, 21.0, 15.0, 6.0, 23.0, 14.0, 26.0, 15.0, 15.0, 23.0, 7.0, 22.0, 26.0, 20.0, 3.0, 2.0, 15.0, 2.0, 21.0, 12.0, 4.0, 10.0, 23.0, 4.0, 24.0, 17.0, 2.0, 20.0, 18.0, 19.0, 8.0]\n",
      "Vehicle Capacity: 100.0\n",
      "Best individual: [[18, 18, 18], [18, 36, 18], [59, 59, 59], [59, 59, 59], [59, 59]]\n",
      "Fitness of best individual: 8.94427190999916\n",
      "Processing augerat\\A-n63-k10.xml\n",
      "Distance Matrix: [[ 0.         63.0634601  76.15773106 ... 56.40035461 44.40720662\n",
      "  20.61552813]\n",
      " [63.0634601   0.         16.64331698 ... 39.62322551 40.31128874\n",
      "  66.12110102]\n",
      " [76.15773106 16.64331698  0.         ... 39.         44.40720662\n",
      "  75.66372975]\n",
      " ...\n",
      " [56.40035461 39.62322551 39.         ...  0.         12.04159458\n",
      "  46.32493929]\n",
      " [44.40720662 40.31128874 44.40720662 ... 12.04159458  0.\n",
      "  34.88552709]\n",
      " [20.61552813 66.12110102 75.66372975 ... 46.32493929 34.88552709\n",
      "   0.        ]]\n",
      "Demands: [11.0, 20.0, 26.0, 17.0, 5.0, 17.0, 1.0, 15.0, 16.0, 22.0, 2.0, 22.0, 25.0, 20.0, 20.0, 21.0, 26.0, 12.0, 5.0, 11.0, 5.0, 21.0, 17.0, 12.0, 12.0, 15.0, 21.0, 12.0, 2.0, 17.0, 16.0, 15.0, 26.0, 12.0, 22.0, 16.0, 21.0, 16.0, 2.0, 6.0, 2.0, 6.0, 10.0, 11.0, 1.0, 63.0, 10.0, 21.0, 7.0, 1.0, 6.0, 26.0, 17.0, 10.0, 25.0, 25.0, 25.0, 16.0, 5.0, 22.0, 17.0, 6.0]\n",
      "Vehicle Capacity: 100.0\n",
      "Best individual: [[12], [12, 59, 12], [40, 20, 54, 43], [20, 54, 54], [43, 20]]\n",
      "Fitness of best individual: 302.06052736287063\n",
      "Processing augerat\\A-n64-k09.xml\n",
      "Distance Matrix: [[ 0.         62.48199741 96.         ... 49.1934955  48.70318265\n",
      "  88.5663593 ]\n",
      " [62.48199741  0.         73.75635566 ... 70.11419257 32.55764119\n",
      "  75.2861209 ]\n",
      " [96.         73.75635566  0.         ... 56.46237685 52.49761899\n",
      "  12.80624847]\n",
      " ...\n",
      " [49.1934955  70.11419257 56.46237685 ...  0.         38.05259518\n",
      "  45.607017  ]\n",
      " [48.70318265 32.55764119 52.49761899 ... 38.05259518  0.\n",
      "  49.39635614]\n",
      " [88.5663593  75.2861209  12.80624847 ... 45.607017   49.39635614\n",
      "   0.        ]]\n",
      "Demands: [10.0, 15.0, 23.0, 23.0, 24.0, 17.0, 1.0, 4.0, 2.0, 5.0, 18.0, 9.0, 8.0, 23.0, 13.0, 4.0, 18.0, 16.0, 26.0, 16.0, 4.0, 23.0, 8.0, 26.0, 16.0, 5.0, 2.0, 21.0, 23.0, 8.0, 5.0, 8.0, 26.0, 12.0, 8.0, 3.0, 8.0, 19.0, 16.0, 2.0, 3.0, 17.0, 7.0, 5.0, 8.0, 4.0, 12.0, 19.0, 19.0, 26.0, 24.0, 5.0, 8.0, 22.0, 9.0, 18.0, 19.0, 15.0, 5.0, 11.0, 12.0, 54.0, 8.0]\n",
      "Vehicle Capacity: 100.0\n",
      "Best individual: [[12, 7, 12], [7, 62], [22, 22], [12, 12], [22, 22]]\n",
      "Fitness of best individual: 171.8347762331837\n",
      "Processing augerat\\A-n65-k09.xml\n",
      "Distance Matrix: [[  0.          45.12205669  72.11102551 ...  18.          35.77708764\n",
      "   26.07680962]\n",
      " [ 45.12205669   0.          89.37561189 ...  27.85677655  28.63564213\n",
      "   66.24198065]\n",
      " [ 72.11102551  89.37561189   0.         ...  79.92496481 100.95543571\n",
      "   90.55385138]\n",
      " ...\n",
      " [ 18.          27.85677655  79.92496481 ...   0.          21.26029163\n",
      "   38.83297568]\n",
      " [ 35.77708764  28.63564213 100.95543571 ...  21.26029163   0.\n",
      "   46.38965402]\n",
      " [ 26.07680962  66.24198065  90.55385138 ...  38.83297568  46.38965402\n",
      "    0.        ]]\n",
      "Demands: [12.0, 24.0, 16.0, 7.0, 9.0, 20.0, 10.0, 18.0, 26.0, 17.0, 2.0, 11.0, 9.0, 12.0, 11.0, 12.0, 23.0, 7.0, 1.0, 26.0, 10.0, 9.0, 22.0, 21.0, 17.0, 2.0, 15.0, 16.0, 14.0, 23.0, 24.0, 2.0, 12.0, 18.0, 5.0, 19.0, 15.0, 8.0, 6.0, 14.0, 13.0, 5.0, 24.0, 25.0, 2.0, 8.0, 14.0, 2.0, 13.0, 10.0, 6.0, 6.0, 24.0, 21.0, 20.0, 24.0, 4.0, 19.0, 14.0, 23.0, 2.0, 16.0, 23.0, 14.0]\n",
      "Vehicle Capacity: 100.0\n",
      "Best individual: [[27, 28, 40, 47], [17, 42, 37], [8], [8, 8, 47], [27, 28]]\n",
      "Fitness of best individual: 325.3339419640612\n",
      "Processing augerat\\A-n69-k09.xml\n",
      "Distance Matrix: [[ 0.         54.23098745 34.6554469  ... 29.73213749 28.16025568\n",
      "  47.50789408]\n",
      " [54.23098745  0.         87.46427842 ... 49.64876635 81.60882305\n",
      "  45.89117562]\n",
      " [34.6554469  87.46427842  0.         ... 47.16990566 21.21320344\n",
      "  66.        ]\n",
      " ...\n",
      " [29.73213749 49.64876635 47.16990566 ...  0.         52.81098371\n",
      "  19.41648784]\n",
      " [28.16025568 81.60882305 21.21320344 ... 52.81098371  0.\n",
      "  72.12489168]\n",
      " [47.50789408 45.89117562 66.         ... 19.41648784 72.12489168\n",
      "   0.        ]]\n",
      "Demands: [2.0, 1.0, 6.0, 9.0, 16.0, 5.0, 3.0, 9.0, 12.0, 1.0, 1.0, 18.0, 10.0, 5.0, 5.0, 9.0, 16.0, 12.0, 6.0, 6.0, 20.0, 23.0, 39.0, 17.0, 8.0, 2.0, 13.0, 17.0, 3.0, 2.0, 7.0, 23.0, 10.0, 7.0, 12.0, 20.0, 13.0, 21.0, 25.0, 5.0, 4.0, 13.0, 12.0, 23.0, 19.0, 10.0, 7.0, 15.0, 5.0, 15.0, 13.0, 30.0, 15.0, 7.0, 9.0, 23.0, 8.0, 5.0, 8.0, 25.0, 12.0, 25.0, 24.0, 8.0, 22.0, 7.0, 24.0, 18.0]\n",
      "Vehicle Capacity: 100.0\n",
      "Best individual: [[12, 35, 35, 33, 17], [17, 29, 58, 48, 47], [14, 14, 43, 60], [64, 18, 18, 18], [35, 53, 2, 56]]\n",
      "Fitness of best individual: 682.0360033156268\n",
      "Processing augerat\\A-n80-k10.xml\n",
      "Distance Matrix: [[ 0.         34.23448554 88.76936408 ... 42.01190308 86.3539229\n",
      "  81.15417426]\n",
      " [34.23448554  0.         55.02726597 ... 30.08321791 55.97320788\n",
      "  47.01063709]\n",
      " [88.76936408 55.02726597  0.         ... 61.         21.47091055\n",
      "  17.72004515]\n",
      " ...\n",
      " [42.01190308 30.08321791 61.         ...  0.         50.6359556\n",
      "  61.7170965 ]\n",
      " [86.3539229  55.97320788 21.47091055 ... 50.6359556   0.\n",
      "  36.34556369]\n",
      " [81.15417426 47.01063709 17.72004515 ... 61.7170965  36.34556369\n",
      "   0.        ]]\n",
      "Demands: [24.0, 22.0, 23.0, 5.0, 11.0, 23.0, 26.0, 9.0, 23.0, 9.0, 14.0, 16.0, 12.0, 2.0, 2.0, 6.0, 20.0, 26.0, 12.0, 15.0, 13.0, 26.0, 17.0, 7.0, 12.0, 4.0, 4.0, 20.0, 10.0, 9.0, 2.0, 9.0, 1.0, 2.0, 2.0, 12.0, 14.0, 23.0, 21.0, 13.0, 13.0, 23.0, 3.0, 6.0, 23.0, 11.0, 2.0, 7.0, 13.0, 10.0, 3.0, 6.0, 13.0, 2.0, 14.0, 7.0, 21.0, 7.0, 22.0, 13.0, 22.0, 18.0, 22.0, 6.0, 2.0, 11.0, 5.0, 9.0, 9.0, 5.0, 12.0, 2.0, 12.0, 19.0, 6.0, 14.0, 2.0, 2.0, 24.0]\n",
      "Vehicle Capacity: 100.0\n",
      "Best individual: [[48, 48], [48, 48], [48, 48], [48, 48], [48]]\n",
      "Fitness of best individual: 0.0\n",
      "Average fitness of the best solutions: 148.3562379976098\n"
     ]
    },
    {
     "data": {
